6 0.6344791666666667 0.5871527777777779 0.26447916666666665 0.16574074074074083
6 0.28140624999999997 0.5837673611111112 0.4339583333333333 0.4457175925925926
6 0.6001041666666668 0.7433666087962962 0.3459895833333334 0.5132667824074074
6 0.37552083333333336 0.12595486111111112 0.07171875000000005 0.10792824074074074
6 0.3330208333333333 0.12751736111111112 0.05557291666666666 0.15726273148148148
6 0.2952604166666667 0.1404224537037037 0.04802083333333336 0.11394675925925926
6 0.24557291666666664 0.14380787037037038 0.07588541666666666 0.2403935185185185
6 0.5470312500000001 0.16770833333333332 0.15500000000000008 0.2027199074074074
6 0.4457291666666666 0.16805555555555554 0.05812500000000007 0.1955439814814815
6 0.33546875000000004 0.25567129629629626 0.18270833333333333 0.23353587962962957
6 0.5325520833333334 0.39667245370370374 0.21286458333333336 0.3243923611111111