6 0.686238425925926 0.4928125 0.2590393518518518 0.1638541666666665
6 0.3353472222222222 0.5389062499999999 0.41856481481481483 0.4427083333333332
6 0.6676620370370371 0.6584375 0.3273842592592594 0.5231770833333333
6 0.38492476851851853 0.07218749999999999 0.0678993055555555 0.10744791666666667
6 0.3428761574074074 0.0796875 0.04987268518518517 0.15692708333333333
6 0.3066203703703704 0.09776041666666667 0.043912037037036986 0.11364583333333333
6 0.2576099537037037 0.11402343749999999 0.06714699074074079 0.22804687499999998
6 0.55921875 0.09518229166666667 0.14788194444444436 0.19036458333333334
6 0.45866898148148144 0.10406249999999999 0.051006944444444355 0.19520833333333334
6 0.35758680555555555 0.20630208333333333 0.174519675925926 0.2322916666666667
6 0.5667824074074075 0.3183854166666667 0.20137731481481466 0.32296874999999997