6 0.52890625 0.6272627314814814 0.19921875 0.42829861111111106
6 0.225 0.7500520833333333 0.40859375 0.48524884259259266
6 0.41015625 0.1623263888888889 0.03125 0.1266203703703704
6 0.3171875 0.20230324074074071 0.14921875 0.16164351851851855
6 0.69921875 0.21374421296296298 0.053125 0.2574421296296297
6 0.47734375 0.2525925925925926 0.053125 0.2019733796296297
6 0.6234375 0.2512673611111111 0.0796875 0.20569444444444446
6 0.83515625 0.29185185185185186 0.1875 0.37300347222222213
6 0.09140625 0.4374479166666666 0.1421875 0.14956018518518518
6 0.5640625 0.5066898148148148 0.23828125 0.27641782407407406
6 0.259375 0.5318634259259258 0.11328125 0.19571759259259275