6 0.538605324074074 0.6468518518518518 0.2054108796296296 0.4209201388888889
6 0.23628472222222224 0.7583854166666667 0.41546874999999994 0.47011574074074075
6 0.41287615740740746 0.1775173611111111 0.0331018518518519 0.12546296296296297
6 0.3204282407407407 0.21405092592592592 0.15149884259259264 0.15611689814814814
6 0.7029224537037038 0.23964120370370373 0.05689814814814813 0.25547453703703704
6 0.4814525462962963 0.27027199074074076 0.056076388888888926 0.20000578703703703
6 0.6276388888888889 0.2743576388888889 0.082673611111111 0.2027430555555556
6 0.8401215277777778 0.3227835648148148 0.1928819444444443 0.36605902777777777
6 0.09795717592592593 0.4408333333333333 0.14429398148148148 0.14429398148148156
6 0.5720023148148148 0.5275810185185186 0.24219328703703696 0.26759259259259255
6 0.2674537037037037 0.5414699074074074 0.11609375000000002 0.19152199074074083