7 0.1765625 0.680960648148148 0.22734375 0.45451388888888894
7 0.42421875 0.5710069444444444 0.19609375 0.5119502314814813
7 0.78125 0.5671585648148147 0.20546875 0.49432870370370363
7 0.60234375 0.5089409722222222 0.20546875 0.9005787037037036
7 0.4265625 0.2881076388888889 0.10234375 0.19129050925925925
7 0.27890625 0.2131076388888889 0.10234375 0.16472800925925926
7 0.8484375 0.23185763888888888 0.0984375 0.2177083333333333
7 0.73671875 0.24302662037037037 0.0890625 0.2579861111111111
7 0.89765625 0.1589409722222222 0.13359375 0.17447916666666666
7 0.15859375 0.36053240740740744 0.16484375 0.23813657407407404
7 0.71171875 0.2705150462962963 0.04921875 0.2026041666666667
7 0.24296875 0.3613136574074074 0.0671875 0.14545717592592586
7 0.2140625 0.33816550925925926 0.125 0.19681712962962958