7 0.21221064814814813 0.6861921296296296 0.25047453703703704 0.4477777777777778
7 0.45464120370370364 0.5835763888888889 0.2222627314814815 0.5061400462962963
7 0.8121585648148149 0.590306712962963 0.23070601851851863 0.48824074074074064
7 0.6298900462962963 0.5267881944444445 0.25177083333333333 0.8944907407407408
7 0.44232060185185185 0.3007465277777778 0.11206597222222214 0.18825810185185182
7 0.29049189814814813 0.22137152777777777 0.11068865740740748 0.16169560185185183
7 0.8620891203703703 0.25699652777777776 0.10953703703703681 0.21479166666666671
7 0.7507349537037037 0.2648553240740741 0.10226851851851855 0.2553472222222222
7 0.9076215277777777 0.18553819444444444 0.14238425925925924 0.17052083333333332
7 0.1775925925925926 0.36523148148148155 0.17687499999999998 0.23325231481481482
7 0.7271122685185185 0.29160300925925925 0.05962962962962966 0.20114583333333336
7 0.2621701388888889 0.36851273148148145 0.07460069444444448 0.14346643518518523
7 0.23200810185185183 0.3445081018518518 0.13496527777777773 0.19311342592592595