7 0.45124421296296297 0.556875 0.14644097222222213 0.7108159722222223
7 0.5643229166666667 0.5885069444444445 0.23391203703703703 0.7771006944444444
7 0.07526041666666666 0.5168576388888889 0.15052083333333333 0.4712152777777778
7 0.3432291666666667 0.5786805555555555 0.22361111111111107 0.6253298611111111
7 0.11606626157407407 0.604201388888889 0.23213252314814814 0.47437500000000005
7 0.9185474537037036 0.49000000000000005 0.134375 0.38503472222222224
7 0.7581307870370371 0.5321701388888889 0.25335648148148165 0.8177430555555555
7 0.21510416666666665 0.5307291666666667 0.1379918981481482 0.48269097222222224
7 0.1957465277777778 0.3350173611111111 0.061111111111111116 0.09163194444444436
7 0.032877604166666664 0.514982638888889 0.06575520833333333 0.46743055555555557
7 0.8474537037037037 0.4868402777777778 0.27734375 0.3913888888888888