7 0.4830034722222223 0.5498958333333333 0.13598958333333327 0.7090335648148148
7 0.59765625 0.579837962962963 0.2225347222222222 0.774056712962963
7 0.091875 0.5156655092592592 0.17124999999999999 0.4688310185185184
7 0.3765625 0.573287037037037 0.21447916666666664 0.622355324074074
7 0.1429861111111111 0.6022800925925925 0.24234375 0.47093749999999995
7 0.940373263888889 0.4761458333333334 0.119253472222222 0.3832523148148148
7 0.7876215277777778 0.5206655092592593 0.2413888888888888 0.8144328703703703
7 0.2459375 0.5272569444444445 0.1309201388888889 0.4809085648148148
7 0.2150520833333333 0.3319386574074074 0.059791666666666646 0.0907754629629629
7 0.0496875 0.5144155092592593 0.08609375 0.46630787037037036
7 0.869084201388889 0.47403935185185186 0.261831597222222 0.3874884259259259